66
0 22 20 22 38 11 14 13 24 44 12 20 34 37 54 49 46 21 18 20 22 11 12 17 24 37 41 16 31 15 24 30 20 48 44 29 11 29 24 19 44 26 25 51 52 28 43 24 12 47 38 29 43 42 30 39 45 39 25 14 14 34 16 12 53 32
38 0 36 21 48 16 18 40 14 35 30 45 22 16 21 16 27 35 40 43 18 14 44 38 38 22 42 54 29 45 37 15 18 41 14 21 41 25 36 39 34 44 42 44 20 34 32 27 32 44 40 45 30 33 30 31 51 45 38 25 13 46 53 35 14 32
53 37 0 32 27 39 21 24 44 42 13 50 49 47 43 13 48 32 39 22 15 31 47 44 14 19 25 44 30 49 33 37 21 20 45 43 17 12 35 12 47 38 32 45 35 30 20 43 43 44 43 20 40 33 53 35 27 36 31 31 36 18 39 33 50 43
38 40 16 0 27 21 36 17 15 38 33 29 40 22 11 30 27 15 47 13 32 35 24 15 52 44 13 43 36 41 54 12 21 17 32 27 30 46 28 20 39 17 44 18 55 41 16 27 48 17 23 48 26 30 19 13 25 10 33 48 44 20 43 12 21 26
10 29 41 38 0 45 39 30 26 42 25 36 35 10 22 52 26 45 15 16 36 37 34 11 31 25 31 44 40 18 39 29 54 29 15 25 31 42 37 31 17 48 41 26 12 23 30 44 36 43 10 35 44 40 47 51 45 31 17 40 44 46 14 37 27 29
31 36 16 34 34 0 40 46 17 31 35 19 37 30 32 33 18 34 40 38 20 39 26 46 42 46 37 20 10 26 23 15 52 28 36 29 50 48 29 47 24 30 43 48 50 38 19 18 24 52 45 23 43 42 46 37 29 48 13 51 41 29 11 37 45 16
13 33 43 45 17 18 0 37 51 37 23 37 19 38 53 28 41 26 23 50 40 42 23 33 34 44 32 15 32 19 53 33 55 55 34 49 10 41 14 37 48 53 37 33 49 11 20 48 43 34 43 31 11 15 12 29 15 47 46 40 44 50 15 26 22 22
10 40 38 23 22 19 11 0 32 34 27 37 18 20 43 37 37 26 25 15 32 44 25 18 32 26 48 38 53 47 39 52 28 11 45 34 15 24 33 54 26 49 23 12 20 27 10 41 20 44 53 43 26 33 38 30 25 53 43 18 10 15 16 17 45 49
34 31 27 24 48 15 31 42 0 13 46 39 46 50 21 28 37 46 28 51 20 13 39 20 37 43 41 54 22 23 34 44 11 21 14 26 55 44 29 25 54 32 25 26 14 47 33 23 28 25 31 32 28 39 13 21 53 18 36 25 19 18 50 27 15 43
52 19 28 23 44 27 22 17 11 0 15 24 28 36 16 22 27 15 48 16 43 11 11 25 36 53 20 32 34 37 26 43 46 33 48 36 38 21 24 11 15 17 53 45 35 19 39 13 12 11 35 17 41 46 15 11 49 31 34 14 49 50 26 50 45 33
26 54 27 55 21 41 19 13 45 28 0 18 12 36 43 45 28 24 43 13 19 19 31 33 16 18 51 25 12 23 47 36 38 43 20 32 13 29 31 18 20 40 34 18 19 47 32 13 32 33 26 42 19 44 22 32 41 21 14 47 20 11 24 20 31 45
31 29 48 20 41 33 46 14 14 29 23 0 44 33 11 20 12 31 38 26 14 50 20 46 43 30 35 32 11 50 53 14 33 43 10 41 50 15 54 23 15 48 31 50 47 38 32 14 38 44 48 30 36 31 12 25 49 16 11 45 50 10 41 24 49 10
27 24 18 29 35 29 35 34 32 41 17 14 0 47 22 23 18 31 53 16 18 44 40 12 16 41 26 15 37 51 25 34 31 44 52 33 44 18 17 51 36 41 19 54 11 50 20 16 18 52 34 37 36 23 49 14 20 49 36 35 46 33 21 47 26 28
27 45 30 16 50 48 42 17 17 30 34 22 55 0 17 16 22 42 42 53 16 44 30 23 15 17 31 12 45 41 29 19 11 42 38 39 53 29 24 38 50 22 33 26 49 38 24 52 27 45 11 32 43 35 35 16 20 37 40 11 17 47 22 11 48 22
28 52 28 28 29 30 38 35 24 16 50 18 45 45 0 37 11 20 54 24 51 31 41 31 41 17 19 14 51 27 53 39 17 31 47 48 21 47 46 37 12 10 21 34 13 48 49 18 36 44 28 53 40 25 41 52 28 38 13 23 34 43 21 26 20 27
16 24 41 50 21 16 46 32 55 19 32 18 17 11 22 0 47 13 26 39 54 28 42 39 21 35 31 16 30 53 26 18 51 43 26 10 49 15 31 32 29 39 30 44 44 37 38 40 31 45 29 28 14 36 35 23 52 53 31 41 29 47 25 39 45 23
40 32 16 28 36 34 39 29 17 44 45 51 12 48 22 19 0 18 35 53 27 39 20 13 34 34 44 27 16 11 22 47 16 25 37 16 17 23 11 34 54 16 18 34 46 50 38 16 44 18 50 40 45 13 46 11 18 51 35 29 42 16 54 44 25 55
34 46 10 13 54 31 44 53 47 23 13 37 17 11 36 38 48 0 11 37 50 47 35 18 52 31 48 27 43 46 29 53 12 42 19 27 26 45 24 48 45 41 45 47 23 12 25 38 28 32 20 18 10 28 19 55 39 46 28 24 43 51 50 39 18 47
32 52 14 14 21 44 20 12 38 32 54 34 36 36 35 20 50 34 0 17 32 22 30 10 40 11 10 24 13 54 49 43 15 42 55 23 51 45 39 19 35 52 13 38 19 24 11 42 34 23 19 18 26 44 11 22 36 31 22 19 48 47 13 36 40 24
50 55 13 44 30 24 25 19 51 13 46 51 28 43 19 19 40 38 39 0 31 39 29 19 33 16 53 28 46 34 50 25 43 35 47 12 12 35 38 28 16 13 21 52 22 40 47 31 46 51 33 30 43 28 37 18 15 10 52 50 24 26 53 17 48 12
17 33 24 11 17 33 38 25 44 22 15 39 54 35 50 25 25 46 44 13 0 28 35 42 29 17 48 21 50 20 17 54 19 24 16 41 50 31 15 21 37 51 17 16 48 41 34 16 36 38 53 16 44 15 12 18 32 37 48 19 23 30 46 36 14 23
27 34 38 18 19 17 19 24 43 13 10 16 20 23 19 55 47 14 16 22 34 0 11 32 43 48 50 38 26 42 19 22 55 15 34 49 19 15 33 20 21 18 33 27 40 12 14 25 42 10 46 48 41 14 19 53 26 31 52 43 12 38 24 41 19 18
32 54 13 29 11 51 53 25 18 19 23 35 32 24 50 44 39 40 23 43 48 38 0 41 51 14 52 15 31 41 47 18 47 49 23 33 47 51 11 12 12 48 13 18 39 39 48 15 54 40 31 25 32 44 14 47 15 48 18 36 14 40 47 28 41 35
11 44 17 54 44 40 19 29 35 11 12 42 18 34 24 13 17 50 13 36 15 17 18 0 38 11 26 33 13 33 30 17 10 11 51 40 14 27 37 32 46 21 34 49 30 49 33 43 44 43 18 33 13 49 13 47 51 51 47 43 16 31 14 24 20 36
31 29 41 24 38 40 44 40 40 51 29 28 35 37 42 23 25 42 35 27 29 17 26 36 0 36 33 53 17 19 52 33 38 12 27 46 26 51 39 26 44 16 40 35 21 43 41 30 15 34 37 24 35 20 52 43 42 53 51 35 24 20 33 25 14 40
20 42 27 38 32 33 17 47 54 16 46 49 48 10 32 18 33 17 32 41 50 54 28 55 16 0 35 33 18 34 22 40 15 31 22 39 13 38 40 12 13 28 14 46 18 13 30 19 12 20 49 42 13 45 33 12 40 29 36 51 18 19 37 38 45 21
36 37 24 35 34 10 45 18 35 53 42 29 49 20 29 36 31 30 55 45 21 53 31 43 47 14 0 40 29 54 50 30 23 21 17 39 51 24 13 43 12 32 19 48 24 44 42 50 52 45 22 43 41 38 52 33 37 24 47 49 18 16 34 15 13 15
49 34 31 20 18 51 49 32 10 31 14 13 46 50 43 34 37 31 55 14 43 33 55 27 45 20 23 0 39 35 35 38 50 13 46 46 53 42 33 20 25 54 55 16 14 41 45 52 20 51 42 17 53 46 55 36 39 42 52 24 48 32 29 25 37 10
42 13 44 19 49 26 43 43 11 53 18 14 31 50 20 10 37 34 28 37 32 36 37 32 20 15 35 51 0 34 20 11 36 34 37 21 24 17 38 21 48 31 28 28 27 16 40 15 36 21 34 15 40 38 53 48 25 23 46 55 13 41 38 52 40 24
23 24 31 26 45 48 18 22 23 52 46 17 11 14 31 38 15 39 31 22 32 34 13 52 30 11 42 29 26 0 26 13 12 15 39 34 28 48 20 41 49 40 30 28 35 33 47 47 40 54 30 43 51 14 33 50 41 22 26 13 39 50 38 10 38 21
37 34 42 55 28 36 16 32 20 33 52 14 54 53 25 13 29 15 28 21 46 15 44 38 48 35 30 42 48 39 0 12 31 40 24 24 46 23 16 53 50 22 45 15 15 24 23 26 29 35 27 32 42 16 30 43 30 52 17 39 21 37 24 22 32 45
25 19 26 52 52 49 19 48 43 47 13 44 52 50 49 41 27 35 44 32 25 40 25 12 25 15 43 21 48 31 17 0 10 38 50 37 17 30 25 41 52 45 17 21 34 43 23 28 34 41 44 14 45 27 45 17 36 25 11 16 27 30 39 46 31 18
12 21 44 24 12 53 51 28 52 35 34 49 52 37 30 20 44 24 33 17 34 14 52 35 45 13 20 35 18 37 19 20 0 48 29 48 43 44 31 16 39 47 34 46 24 18 51 15 46 13 40 40 11 12 42 31 15 41 42 24 30 35 46 40 36 16
45 44 23 50 51 11 42 30 45 28 22 37 50 23 37 47 32 18 13 45 31 19 50 14 55 51 54 18 12 18 27 51 54 0 19 44 33 23 11 54 46 21 41 17 18 27 12 40 41 39 54 26 14 50 17 54 52 42 18 51 34 31 48 22 32 27
49 21 53 37 27 10 54 49 11 36 38 39 19 11 15 22 52 28 37 15 14 46 20 44 40 16 20 17 44 40 45 42 21 25 0 45 54 22 53 53 29 32 52 45 18 19 33 30 24 55 34 37 45 29 18 50 11 14 47 34 24 47 27 37 15 47
17 30 16 25 34 13 38 41 41 47 27 36 38 21 50 33 13 37 23 34 25 50 46 28 13 44 40 15 40 55 36 32 52 44 47 0 36 24 21 39 18 34 48 40 49 18 53 41 24 24 37 15 32 24 18 44 20 52 27 18 23 20 14 37 31 20
25 14 36 25 12 15 33 12 36 27 36 32 18 42 25 27 50 47 11 23 50 51 46 52 10 18 39 20 30 47 52 16 29 26 23 22 0 15 35 30 27 34 36 10 54 46 16 18 26 53 37 36 36 42 12 50 29 45 33 48 44 47 30 41 52 11
41 31 41 40 36 35 31 45 42 13 33 47 11 21 10 45 49 33 45 52 19 49 45 38 36 20 19 44 50 43 53 44 45 34 51 17 13 0 34 28 24 48 49 41 26 52 36 50 50 16 12 10 50 22 29 49 25 26 35 18 31 47 32 49 11 34
48 21 12 23 45 37 14 45 54 24 50 47 20 34 28 10 53 11 31 16 54 23 14 49 13 23 33 15 15 24 37 49 49 11 54 52 54 16 0 46 39 43 54 14 37 47 54 39 23 17 46 14 42 37 52 16 40 39 12 15 27 46 11 26 44 12
53 10 38 44 42 34 23 55 25 30 11 12 18 55 38 37 53 13 20 30 27 48 39 33 51 17 37 24 21 41 33 30 50 34 54 19 40 14 12 0 31 54 32 53 18 13 49 40 18 47 26 27 26 40 39 32 25 11 41 48 41 28 51 47 49 31
24 12 36 40 21 19 35 37 32 45 14 24 22 46 23 21 12 13 32 16 30 10 21 50 47 45 20 39 34 39 26 22 46 32 50 16 26 24 20 47 0 12 48 48 16 47 20 23 37 13 16 25 30 29 40 20 28 45 18 53 45 52 34 21 39 19
33 40 37 32 40 29 15 31 24 13 49 26 54 17 27 50 15 42 31 23 30 11 25 19 29 43 10 39 23 41 30 41 41 29 47 27 51 15 14 13 13 0 40 15 34 32 53 23 19 31 21 21 50 18 12 45 50 54 37 39 28 42 36 28 33 11
46 33 38 42 21 27 20 54 38 13 41 40 25 12 24 47 49 42 21 44 34 22 20 24 21 50 53 43 31 23 32 28 31 17 34 38 26 26 21 36 10 40 0 17 29 20 17 32 23 14 22 23 42 45 24 30 53 32 50 51 30 41 48 22 46 36
32 51 34 23 34 53 18 31 37 53 48 11 28 17 14 51 34 51 41 35 52 24 50 38 29 10 45 48 29 34 17 21 34 47 21 52 31 39 45 39 40 45 16 0 28 11 34 12 11 26 49 33 38 13 53 47 15 39 50 28 55 46 53 22 36 52
33 20 24 40 34 34 42 18 53 37 31 24 15 19 54 33 27 34 19 53 35 32 18 23 50 50 20 11 22 24 19 13 45 25 13 22 47 12 19 15 50 20 50 41 0 54 36 45 14 40 10 43 38 36 13 27 22 53 21 39 32 31 42 44 22 34
11 40 44 33 36 28 55 52 47 16 52 36 14 13 55 48 52 18 11 13 16 48 27 14 51 44 54 13 30 54 32 30 19 37 39 17 20 21 43 39 26 34 35 31 37 0 42 41 44 22 45 15 36 34 37 39 40 44 14 20 16 35 41 46 21 45
36 15 54 54 19 42 51 38 16 23 20 51 29 27 11 15 54 55 17 32 29 31 47 52 15 27 21 27 44 34 12 12 23 45 46 11 52 36 44 12 31 37 28 48 25 20 0 49 52 33 14 36 31 36 25 26 49 18 14 46 18 39 47 16 27 36
26 17 44 27 24 43 33 51 36 38 14 11 51 11 32 45 35 29 36 20 26 23 32 52 50 44 25 36 18 32 53 53 22 15 54 13 38 14 54 54 48 20 39 44 11 23 12 0 17 22 22 10 16 13 37 22 43 48 19 18 34 33 37 15 15 49
54 36 29 26 26 46 34 55 49 40 54 40 43 35 42 48 16 55 22 51 26 41 42 21 28 14 10 54 34 37 11 32 51 48 52 17 19 21 38 10 11 17 31 13 15 39 23 28 0 52 49 17 28 14 46 35 23 14 31 42 35 46 22 44 23 30
39 35 50 43 17 42 12 38 52 54 42 51 43 38 11 48 53 24 12 48 40 23 52 45 15 18 37 35 30 37 29 18 25 13 33 12 55 55 10 52 13 26 12 38 34 14 32 42 39 0 29 34 33 20 46 45 19 19 12 27 29 39 19 16 38 38
52 10 42 32 46 28 30 29 39 31 46 51 11 46 16 41 38 18 36 44 51 27 39 44 30 12 28 54 21 24 22 39 42 27 36 14 44 36 51 49 23 15 21 35 23 43 44 16 22 22 0 17 38 44 37 30 23 24 37 40 30 25 18 33 23 35
54 46 14 55 25 52 12 15 24 48 13 13 28 46 20 33 34 26 42 21 11 49 38 40 31 11 43 39 24 16 33 23 19 22 19 35 53 43 24 46 51 37 21 53 35 47 10 22 51 30 22 0 37 22 15 19 24 35 22 17 38 51 14 48 49 46
53 25 42 54 13 15 25 47 16 22 35 44 38 43 13 11 15 26 52 50 32 38 27 54 49 48 13 25 13 11 47 51 21 18 10 44 31 49 13 39 49 42 15 20 23 19 34 16 36 22 18 28 0 29 49 49 13 43 30 17 43 16 48 11 41 13
26 12 44 53 45 41 15 35 55 54 42 28 21 33 40 23 13 53 32 29 50 32 30 36 13 15 21 29 48 18 51 55 14 39 43 21 40 28 41 11 53 28 51 44 12 27 30 17 47 29 46 21 39 0 54 22 52 37 30 20 22 22 40 17 10 25
46 33 16 27 50 30 38 20 22 25 40 18 46 12 34 44 11 13 50 47 51 29 36 55 53 21 45 33 20 24 21 52 34 46 52 46 28 24 33 41 38 11 49 42 52 51 46 27 28 35 12 36 14 31 0 22 47 48 11 40 47 30 24 40 49 16
47 26 50 55 15 54 44 38 53 50 40 12 31 48 21 52 36 18 23 32 14 24 21 43 13 37 45 49 49 12 24 50 15 26 18 29 13 24 27 21 27 21 29 40 47 43 51 13 28 45 34 27 10 19 40 0 33 10 52 52 47 24 23 49 22 28
16 43 12 45 31 42 42 54 54 27 13 48 43 19 16 25 51 45 27 32 23 33 44 52 30 30 20 16 40 12 17 21 16 23 11 40 16 21 20 50 49 51 32 20 19 23 13 36 55 27 18 41 16 32 37 12 0 18 30 25 20 10 38 53 23 23
16 43 14 45 43 17 32 20 19 38 36 18 24 54 38 31 19 43 35 34 54 51 38 35 31 41 46 28 46 20 54 41 31 48 19 11 17 32 28 11 46 40 40 37 36 35 23 36 31 51 19 44 19 48 21 49 14 0 50 49 52 17 41 26 14 18
19 45 23 55 19 24 46 20 40 35 18 33 50 38 21 13 50 40 23 46 39 48 31 54 24 33 17 29 42 33 43 46 17 17 20 34 24 22 23 42 34 13 16 46 17 14 19 37 32 40 18 52 39 30 31 31 19 12 0 22 30 20 36 48 46 40
12 47 40 36 35 46 20 53 17 31 28 42 55 41 30 41 25 18 27 45 41 24 43 48 12 24 29 33 49 18 17 47 37 14 34 51 28 54 48 24 53 16 35 55 14 48 14 35 45 25 55 28 34 34 33 42 37 42 43 0 33 36 51 17 41 17
34 25 49 33 24 14 16 40 20 28 23 53 54 27 37 54 16 19 47 30 29 20 49 18 35 14 44 38 27 15 28 16 11 53 25 48 27 42 35 26 12 41 21 11 18 36 47 44 39 23 27 49 38 12 47 26 32 33 20 51 0 19 22 11 44 23
44 25 41 18 53 49 41 31 25 26 20 30 26 32 54 44 40 14 22 18 37 34 12 29 43 45 42 21 51 25 50 44 21 18 25 32 19 54 45 43 19 54 49 37 47 46 16 15 31 54 28 22 18 48 38 23 15 18 49 14 36 0 27 14 27 37
39 13 26 17 54 19 32 37 41 38 50 44 31 31 30 34 43 23 52 45 54 46 39 43 38 42 25 22 14 13 43 33 45 17 40 21 11 14 27 27 41 11 50 18 36 15 29 29 53 23 36 27 30 44 52 42 20 53 14 29 16 43 0 39 40 36
21 42 40 45 33 29 31 26 22 38 37 33 35 52 32 31 45 25 34 38 37 44 15 44 42 47 42 16 27 52 40 34 15 14 38 28 47 54 44 28 37 28 26 35 17 31 45 13 55 20 44 28 10 31 32 18 26 47 34 10 14 48 38 0 21 24
11 23 36 55 33 38 20 15 11 15 44 24 19 51 25 51 30 20 53 28 51 27 11 53 34 53 40 19 34 32 52 52 11 21 36 47 41 27 35 49 50 29 38 53 30 30 16 23 27 51 36 12 19 26 51 34 44 20 15 13 42 12 18 29 0 23
26 14 51 19 25 48 43 27 30 50 13 37 13 19 49 17 40 21 37 53 22 11 33 17 18 25 31 44 22 31 22 39 50 28 43 19 40 35 36 49 45 40 29 34 49 11 12 20 27 32 26 41 18 32 46 35 39 36 20 49 26 47 33 32 16 0